00000000000000000000000000000000
00000000000000000000000000000000
00000000000000000000000000000000
00000000000000111111000000000000
00000000000000000000000000000000
00000000000000000000000000000000
00000000000000000000000000000000
00000010000000000000000000000000
00000001000000011111111000000000
00000000100000000000000000000000
00000000010000000000000000000000
00000000000000000000000000000000
00000000000001110000000000000000
00000000000000000000000000000000
00000000000000000000000000000000
00000000000000000000000000000000
00001111000000000000000001000000
00000001110000000000000001000000
00000000000000000000000001000000
00000000000000000000000000000000
00000000000000000000000000000000
00000000000000000000000000000000
00000000000000000000000000000000
00000000000000000000000000000000
00000000000000000000000000000000
00000000000000000010000000000000
00000000000000000000101010000000
00000000000000000000000000000000
00000000000000000000000000000000
00000000001111111100000000000000
00000000000000000000000000000000
00000000000000000000000000000000
